#columns	nrsva_book_index	nrsva_chapter	nrsva_verse	orig_book_index	orig_chapter	orig_verse	orig_subverse	orig_is_null
13O	18	17	13O	18	18		0
13O	18	17	13O	18	17		0
13O	19	2	13O	19	2		0
13O	19	3	13O	19	2		0
13O	19	4	13O	19	3		0
13O	19	5	13O	19	4		0
13O	19	6	13O	19	5		0
13O	19	7	13O	19	6		0
13O	19	8	13O	19	7		0
13O	19	9	13O	19	8		0
13O	19	10	13O	19	9		0
13O	19	11	13O	19	10		0
13O	19	12	13O	19	11		0
13O	19	13	13O	19	12		0
13O	19	14	13O	19	13		0
13O	19	15	13O	19	14		0
13O	19	16	13O	19	15		0
13O	19	17	13O	19	16		0
13O	19	18	13O	19	17		0
13O	19	19	13O	19	18		0
47N	13	12	47N	13	12		0
47N	13	12	47N	13	13		0
47N	13	13	47N	13	14		0
64N	1	14	64N	1	14		0
64N	1	15	64N	1	14		0
66N	12	18	66N	13	1		0
66N	13	1	66N	13	1		0
67A	1	6	67A	1	6		0
67A	1	7	67A	1	7		0
67A	1	7	67A	1	6		0
67A	1	16	67A	1	16		0
67A	1	17	67A	1	17		0
67A	1	17	67A	1	16		0
67A	2	6	67A	2	6		0
67A	2	6	67A	2	7		0
67A	2	7	67A	2	7		0
67A	5	4	67A	5	4		0
67A	5	4	67A	5	5		0
67A	5	5	67A	5	5		0
67A	5	8	67A	5	8		0
67A	5	9	67A	5	8		0
67A	5	10	67A	5	9		0
67A	5	11	67A	5	10		0
67A	5	12	67A	5	11		0
67A	5	13	67A	5	12		0
67A	5	14	67A	5	13		0
67A	5	15	67A	5	14		0
67A	5	16	67A	5	15		0
67A	5	17	67A	5	16		0
67A	5	18	67A	5	17		0
67A	5	19	67A	5	18		0
67A	5	20	67A	5	19		0
67A	5	21	67A	5	20		0
67A	5	22	67A	5	21		0
67A	6	1	67A	5	22		0
67A	6	1	67A	5	16		0
67A	6	2	67A	5	16		0
67A	6	2	67A	6	1		0
67A	6	3	67A	6	2		0
67A	6	4	67A	6	3		0
67A	6	5	67A	6	4		0
67A	6	6	67A	6	5		0
67A	6	7	67A	6	6		0
67A	6	8	67A	6	7		0
67A	6	9	67A	6	8		0
67A	6	10	67A	6	9		0
67A	6	11	67A	6	10		0
67A	6	12	67A	6	10		0
67A	6	12	67A	6	12		0
67A	6	13	67A	6	12		0
67A	6	13	67A	6	10		0
67A	6	13	67A	6	11		0
67A	6	14	67A	6	13		0
67A	6	15	67A	6	14		0
67A	6	16	67A	6	15		0
67A	6	17	67A	6	16		0
67A	6	18	67A	6	17		0
67A	7	8	67A	7	8		0
67A	7	9	67A	7	8		0
67A	7	10	67A	7	9		0
67A	7	10	67A	7	10		0
67A	7	11	67A	7	11		0
67A	7	11	67A	7	12		0
67A	7	12	67A	7	13		0
67A	7	13	67A	7	14		0
67A	7	14	67A	7	15		0
67A	7	15	67A	7	16		0
67A	7	16	67A	7	17		0
67A	7	16	67A	7	18		0
67A	8	11	67A	8	12		0
67A	8	11	67A	8	11		0
67A	8	12	67A	8	12		0
67A	10	13	67A	11	1		0
67A	11	1	67A	11	1		0
67A	11	1	67A	11	2		0
67A	11	2	67A	11	2		0
67A	11	18	67A	11	18		0
67A	11	18	67A	11	19		0
67A	12	13	67A	12	13		0
67A	12	14	67A	12	13		0
67A	12	14	67A	12	14		0
67A	13	16	67A	13	16		0
67A	13	16	67A	13	17		0
67A	13	17	67A	13	18		0
68A	15	14	68A	16	1		0
68A	16	1	68A	16	2		0
68A	16	2	68A	16	3		0
68A	16	3	68A	16	4		0
68A	16	4	68A	16	5		0
68A	16	5	68A	16	6		0
68A	16	6	68A	16	7		0
68A	16	7	68A	16	8		0
68A	16	8	68A	16	8		0
69A	5	1	69A	5			1
69A	5	2	69A	5			1
69A	5	3	69A	5	3		0
69A	15	1	69A	15	4		0
69A	15	2	69A	15	5		0
69A	15	3	69A	15	6		0
69A	15	4	69A	15	7		0
69A	15	5	69A	15	8		0
69A	15	6	69A	15	9		0
69A	15	7	69A	15	10		0
69A	15	8	69A	15	11		0
69A	15	9	69A	15	12		0
69A	15	10	69A	15	13		0
69A	15	11	69A	15	14		0
69A	15	12	69A	15	15		0
69A	15	13	69A	15	16		0
69A	15	14	69A	15	17		0
69A	15	15	69A	15	18		0
69A	15	16	69A	15	19		0
71A	33	31	71A	33	31		0
71A	33	32	71A	33	31		0
71A	33	33	71A	33	31		0
71A	34	10	71A	34	10		0
71A	34	11	71A	34	10		0
71A	34	12	71A	34	11		0
71A	34	13	71A	34	12		0
71A	34	14	71A	34	13		0
71A	34	15	71A	34	13		0
71A	34	16	71A	34	14		0
71A	34	17	71A	34	15		0
71A	34	18	71A	34	15		0
71A	34	19	71A	34	16		0
71A	34	20	71A	34	17		0
71A	34	21	71A	34	18		0
71A	34	22	71A	34	18		0
71A	34	23	71A	34	19		0
71A	34	24	71A	34	20		0
71A	34	25	71A	34	21		0
71A	34	26	71A	34	22		0
71A	34	27	71A	34	22		0
71A	34	28	71A	34	23		0
71A	34	29	71A	34	24		0
71A	34	30	71A	34	25		0
71A	34	31	71A	34	26		0
71A	35	1	71A	35	1		0
71A	35	2	71A	35	1		0
71A	35	3	71A	35	2		0
71A	35	4	71A	35	2		0
71A	35	5	71A	35	3		0
71A	35	6	71A	35	4		0
71A	35	7	71A	35	5		0
71A	35	8	71A	35	6		0
71A	35	9	71A	35	7		0
71A	35	10	71A	35	8		0
71A	35	11	71A	35	9		0
71A	35	12	71A	35	10		0
71A	35	13	71A	35	11		0
71A	35	14	71A	35	12		0
71A	35	15	71A	35	12		0
71A	35	16	71A	35	13		0
71A	35	17	71A	35	14		0
71A	35	18	71A	35	15		0
71A	35	19	71A	35	15		0
71A	35	20	71A	35	16		0
71A	35	21	71A	35	17		0
71A	35	22	71A	35	17		0
71A	35	22	71A	35	18		0
71A	35	23	71A	35	18		0
71A	35	24	71A	35	19		0
71A	35	25	71A	35	19		0
71A	35	26	71A	35	20		0
71A	36	6	71A	36	6		0
71A	36	7	71A	36	6		0
71A	36	8	71A	36	7		0
71A	36	9	71A	36	7		0
71A	36	10	71A	36	8		0
71A	36	11	71A	36	9		0
71A	36	12	71A	36	10		0
71A	36	13	71A	36	11		0
71A	36	14	71A	36			1
71A	36	15	71A	36			1
71A	36	16	71A	36	11		0
71A	36	17	71A	36	12		0
71A	36	18	71A	36	13		0
71A	36	19	71A	36	14		0
71A	36	20	71A	36	15		0
71A	36	21	71A	36	16		0
71A	36	22	71A	36	17		0
71A	36	23	71A	36	18		0
71A	36	24	71A	36	19		0
71A	36	25	71A	36	20		0
71A	36	26	71A	36	21		0
71A	36	27	71A	36	22		0
71A	36	28	71A	36	23		0
71A	36	29	71A	36	24		0
71A	36	30	71A	36	25		0
71A	36	31	71A	36	26		0
71A	42	1	71A	41	23		0
71A	42	1	71A	41	24		0
71A	42	1	71A	42	1		0
71A	44	22	71A	44	22		0
71A	44	23	71A	44	22		0
82A	7	35	82A	7	35		0
82A	7	36	82A	7			1
82A	7	37	82A	7			1
82A	7	38	82A	7			1
82A	7	39	82A	7			1
82A	7	40	82A	7			1
82A	7	41	82A	7			1
82A	7	42	82A	7			1
82A	7	43	82A	7			1
82A	7	44	82A	7			1
82A	7	45	82A	7			1
82A	7	46	82A	7			1
82A	7	47	82A	7			1
82A	7	48	82A	7			1
82A	7	49	82A	7			1
82A	7	50	82A	7			1
82A	7	51	82A	7			1
82A	7	52	82A	7			1
82A	7	53	82A	7			1
82A	7	54	82A	7			1
82A	7	55	82A	7			1
82A	7	56	82A	7			1
82A	7	57	82A	7			1
82A	7	58	82A	7			1
82A	7	59	82A	7			1
82A	7	60	82A	7			1
82A	7	61	82A	7			1
82A	7	62	82A	7			1
82A	7	63	82A	7			1
82A	7	64	82A	7			1
82A	7	65	82A	7			1
82A	7	66	82A	7			1
82A	7	67	82A	7			1
82A	7	68	82A	7			1
82A	7	69	82A	7			1
82A	7	70	82A	7			1
82A	7	71	82A	7			1
82A	7	72	82A	7			1
82A	7	73	82A	7			1
82A	7	74	82A	7			1
82A	7	75	82A	7			1
82A	7	76	82A	7			1
82A	7	77	82A	7			1
82A	7	78	82A	7			1
82A	7	79	82A	7			1
82A	7	80	82A	7			1
82A	7	81	82A	7			1
82A	7	82	82A	7			1
82A	7	83	82A	7			1
82A	7	84	82A	7			1
82A	7	85	82A	7			1
82A	7	86	82A	7			1
82A	7	87	82A	7			1
82A	7	88	82A	7			1
82A	7	89	82A	7			1
82A	7	90	82A	7			1
82A	7	91	82A	7			1
82A	7	92	82A	7			1
82A	7	93	82A	7			1
82A	7	94	82A	7			1
82A	7	95	82A	7			1
82A	7	96	82A	7			1
82A	7	97	82A	7			1
82A	7	98	82A	7			1
82A	7	99	82A	7			1
82A	7	100	82A	7			1
82A	7	101	82A	7			1
82A	7	102	82A	7			1
82A	7	103	82A	7			1
82A	7	104	82A	7			1
82A	7	105	82A	7			1
82A	7	106	82A	7	36		0
82A	7	107	82A	7	37		0
82A	7	108	82A	7	38		0
82A	7	109	82A	7	39		0
82A	7	110	82A	7	40		0
82A	7	111	82A	7	41		0
82A	7	112	82A	7	42		0
82A	7	113	82A	7	43		0
82A	7	114	82A	7	44		0
82A	7	115	82A	7	45		0
82A	7	116	82A	7	46		0
82A	7	117	82A	7	47		0
82A	7	118	82A	7	48		0
82A	7	119	82A	7	49		0
82A	7	120	82A	7	50		0
82A	7	121	82A	7	51		0
82A	7	122	82A	7	52		0
82A	7	123	82A	7	53		0
82A	7	124	82A	7	54		0
82A	7	125	82A	7	55		0
82A	7	126	82A	7	56		0
82A	7	127	82A	7	57		0
82A	7	128	82A	7	58		0
82A	7	129	82A	7	59		0
82A	7	130	82A	7	60		0
82A	7	131	82A	7	61		0
82A	7	132	82A	7	62		0
82A	7	133	82A	7	63		0
82A	7	134	82A	7	64		0
82A	7	135	82A	7	65		0
82A	7	136	82A	7	66		0
82A	7	137	82A	7	67		0
82A	7	138	82A	7	68		0
82A	7	139	82A	7	69		0
82A	7	140	82A	7	70		0
83A	1	8	83A	1	9		0
83A	1	8	83A	1	8		0
83A	1	9	83A	1	9		0
83A	1	9	83A	1	10		0
83A	1	10	83A	1	10		0
83A	1	11	83A	1	11		0
83A	1	13	83A	1	14		0
83A	1	13	83A	1	13		0
83A	1	14	83A	1	14		0
83A	1	15	83A	1	14		0
